                          	compara cpc.txt           	cpc2015.txt               	cpn1941.txt               	glossario trt sp.txt      	termos juridicos folha.txt	z_controle_eng.txt        	z_controle_pt.txt         
compara cpc.txt           	1.0                       	0.39240695261186004       	0.2690506252836973        	0.13366901531659345       	0.07773820454046672       	0.0                       	0.015047524706330626      
cpc2015.txt               	0.39240695261186004       	0.9999999999997025        	0.5410409330086744        	0.31776004639974825       	0.16934950683359262       	0.0                       	0.029878856149199783      
cpn1941.txt               	0.2690506252836973        	0.5410409330086744        	0.9999999999992835        	0.17230021357357936       	0.14854316946749813       	0.0001448591310993947     	0.017614844925078695      
glossario trt sp.txt      	0.13366901531659345       	0.31776004639974825       	0.17230021357357936       	0.9999999999998936        	0.1655659660834067        	0.0013717308758749833     	0.0231914383989698        
termos juridicos folha.txt	0.07773820454046672       	0.16934950683359262       	0.14854316946749813       	0.1655659660834067        	0.9999999999998571        	0.0036082489152394976     	0.015705633066157205      
z_controle_eng.txt        	0.0                       	0.0                       	0.0001448591310993947     	0.0013717308758749833     	0.0036082489152394976     	0.9999999999998707        	0.0                       
z_controle_pt.txt         	0.015047524706330626      	0.029878856149199783      	0.017614844925078695      	0.0231914383989698        	0.015705633066157205      	0.0                       	0.9999999999998728        
