                          	compara cpc.txt           	cpc2015.txt               	cpn1941.txt               	glossario trt sp.txt      	termos juridicos folha.txt	z_controle_eng.txt        	z_controle_pt.txt         
compara cpc.txt           	0.9999999999996997        	0.3173152667830492        	0.20607033860440777       	0.20260386502771402       	0.0985223808506456        	0.0                       	0.025539715908708953      
cpc2015.txt               	0.3173152667830492        	0.9999999999981897        	0.5294270866274771        	0.44605997379708234       	0.23734343180535372       	5.1323600145092716e-05    	0.04983683031934781       
cpn1941.txt               	0.20607033860440777       	0.5294270866274771        	1.0                       	0.2564477895669603        	0.21563243431644336       	0.00011826091622005402    	0.029172241576988285      
glossario trt sp.txt      	0.20260386502771402       	0.44605997379708234       	0.2564477895669603        	0.9999999999993057        	0.23724283000353932       	0.00019055585537750713    	0.03828204256889946       
termos juridicos folha.txt	0.0985223808506456        	0.23734343180535372       	0.21563243431644336       	0.23724283000353932       	0.9999999999996269        	0.0014843896404746245     	0.01904207905184241       
z_controle_eng.txt        	0.0                       	5.1323600145092716e-05    	0.00011826091622005402    	0.00019055585537750713    	0.0014843896404746245     	0.9999999999997127        	0.0                       
z_controle_pt.txt         	0.025539715908708953      	0.04983683031934781       	0.029172241576988285      	0.03828204256889946       	0.01904207905184241       	0.0                       	0.9999999999997158        
